111111111111111111111
122222222212222222221
121112111212111211121
131112111212111211131
121112111212111211121
122222222222222222221
121112121111121211121
121112121111121211121
122222122212221222221
111112111212111211111
111112100000001211111
111112101111101211111
000002201000102200000
111112101111101211111
111112100000001211111
111112101111101211111
111112101111101211111
122222222212222222221
121112111212111211121
132212222202222212231
111212121111121212111
111212121111121212111
122222122212221222221
121111111212111111121
122222222222222222221
111111111111111111111
